0.031263
0.03993
0.022189
0.024163
0.039633
0.031304
0.030058
0.031952
0.0040578
0.0079698
0.0035085
0.0032511
0.0029554
0.0029663
0.0043045
0.0043796
0.0095752
0.0087855
0.0083282
0.0063582
0.011385
0.0087865
0.010867
0.0098799
0.0059655
0.011173
0.0032802
0.0043927
0.011128
0.0061954
0.0058925
0.0058282
0.011665
0.012002
0.0070725
0.010161
0.014165
0.013356
0.0089942
0.011864
9.0952e-05
0.00014935
0.00076838
0.0017135
0.00060346
0.0010413
0.001116
0.00079756
0.0017981
0.0045453
0.00071119
0.00097136
0.0014149
0.0011267
0.0025718
0.001734
0.0019398
0.0044576
0.0022518
0.0013808
0.0018873
0.0015397
0.0025666
0.0025192
0.0039606
0.00013608
0.00044839
0.0028238
0.0023789
0.00058571
0.00081931
0.00087611
0.0018469
0.001793
0.00099972
0.00051185
0.00086408
0.00062295
0.00053422
0.0014574
0.00032189
0.0014821
0.0010293
5.4436e-05
7.2936e-05
0.00017531
8.2491e-05
0.00039067
0.0033379
0.003057
0.0024226
0.001673
0.0055091
0.0043608
0.0045843
0.0041073
0.00033681
0.0011349
0.0032054
0.00048057
0.0016102
0.0023002
0.0028968
0.0023773
0.0018922
0.0059656
0.00040398
0.00018668
0.0050808
0.00093328
0.00026684
0.00021045
0.0010338
0.0013489
0.00068086
0.00099208
0.0015935
0.0018072
0.0014527
0.00051089
0.0027691
0.004283
0.0030076
0.0044731
0.0055186
0.0072512
0.0034226
0.004863
0.0048652
0.0038948
0.0019416
0.0032812
0.0043913
0.0029168
0.0025218
0.003493
0.0010957
0.0022881
0.0015184
0.0018698
0.0011214
0.00058669
0.0019841
0.0032575
0.0019438
0.0015703
0.00067701
0.0013441
0.003332
0.0028683
0.0021889
0.0018494
0.0015818
0.0024197
0.0021101
0.0020962
0.0012287
0.0024404
0.001358
0.0026272
0.0024484
0.0014047
1.3239e-05
0.00031067
0.0030262
0.00074773
0.0016918
0.00088062
2.6672e-05
5.4966e-05
5.1535e-05
0.00065111
0.00028504
0.00083592
0.00023081
1.6244e-05
0
5.8184e-05
0.00054059
0.00084144
0.00023026
4.0394e-05
0
0
0.00056147
0.0013259
0
0.00010197
0.0011385
0.00017451
0
7.4257e-05
0.0011354
0.00040079
0.00030608
0.0004681
0.00024451
0.00064243
0.0018761
0.0010852
0
0
0
0
0
0
6.8096e-05
0
0.00065043
0.00083857
0.0018146
0
0.00049316
0.00017899
0
3.0688e-05
0.0013266
2.13e-05
4.906e-05
6.2802e-05
0.00027742
2.0035e-05
7.107e-05
0.00018425
0.0018286
0.00011478
4.2893e-05
0.00014467
0.00052445
0.00026142
0.00045572
0.00021021
6.4281e-05
1.6304e-05
0
0
1.8371e-05
9.7749e-05
0.00079914
0.00021055
0
1.9895e-05
0.00017625
0.00022094
2.9761e-05
6.7269e-05
8.608e-05
0.00052965
0
0.0026799
0.00016751
0.00022833
0
0
0
0.00018074
0.00010123
5.9313e-05
0.00023759
0.00017296
3.1872e-05
0.00030977
0.00069565
0.0003938
0.00060283
0.00093944
0.00039481
0.00083592
0.00043128
0.0010488
0.0021269
0.0019917
0.00053479
0.0026796
0
0.00043991
0.00096287
0.00020854
0.00028006
0.00028915
0
0
0.00035643
0.0015608
0.00025508
9.524e-05
0
0
0.00080539
0
0
0.0010555
0.001322
0.00020901
0.00029252
0.00048165
1.5637e-05
2.3339e-05
0.00017352
0.00013597
0.00063926
0.00062295
0.00028074
0.00013044
0
9.7665e-06
6.4701e-05
0.0001462
0
0
0.00013291
0.00055099
0.00019798
0.0013688
0.0009248
0
0
0
0
0.00025326
0
0
0
0
0
0
0
0
0.0014502
0.00020331
9.9181e-05
0.00013396
0.0014485
0.00088719
0.00043201
0.00036735
0.0017324
0.0012259
0.0016158
0.00093765
0.0018522
0.0010659
0.0025625
0.0017313
5.7084e-05
0.00055488
0.00088691
0.00020557
0.00046406
0.0013365
0.0011815
0.00076984
0.00021339
4.1196e-05
0.00081912
2.1188e-05
0.00051375
0.00017435
0.00066426
0.0013115
0.00048773
0.00017636
0.00037811
0.00014446
0.00026287
0
9.0867e-05
0.00078053
0.0012877
0.0015835
0.00034703
8.5231e-05
1.9681e-06
0
2.9699e-05
3.6534e-05
0.00012391
0.00019271
0.00010446
5.4436e-05
7.2936e-05
0.00017531
8.2491e-05
0.00013741
0
0
0
0
0
0
0
0
0
0
0
9.8406e-06
0.00034586
0.00025084
0.00012249
0.00047808
0.00030716
0.0014878
0.00075
0.00069654
0.001653
0.0020113
0.0014555
0.0017381
0
0.00040295
0.00040375
7.1612e-05
0.00021849
0.00078934
0.00069754
3.6164e-05
3.0989e-05
1.0438e-05
0.00097367
0.0001822
0.00041386
0
0.00011594
0.00025983
0.00047096
0.0014883
0.00013334
0.00017149
0.0023984
0
0
0
0.00039401
0.0016715
0
0
0.0024367
0.00032941
0
0
0
0.00079711
0.00014554
3.8492e-05
0.00011366
0
0
0
0
0
0
9.1523e-06
5.9469e-05
4.399e-05
0.00017325
2.7695e-05
0.00024761
0.00033914
0.0004952
0.001511
0.00086037
0.00031059
0.00098718
0.0014649
0.00061645
0.0031447
0.0011912
0.00071531
0.001943
0.0040294
0.0017799
0.0012769
0.00024796
0.00031818
0.00070327
6.8145e-05
5.2002e-05
1.2999e-05
0.00038591
0.00118
0.0012672
0.0015018
0.0006557
0.00065025
0.00073384
0.00066562
0.001509
0.0012911
0.00081037
0.00024973
0.00011792
1.5197e-05
0.00015386
0.00049627
0.00012479
0.00021045
3.3653e-05
0.0024396
0.00018908
0
9.1809e-05
0.00010759
0
0
9.2836e-06
0
0
0
0
8.379e-06
7.6858e-06
4.0574e-06
0.00087286
0.00044186
0.00053531
0.00092421
0.0011945
0.0012578
0.0012274
0.00047914
0.0010668
0.00068761
0.0011217
0.0014761
0.0016198
0.0018368
0.00036508
0.0013003
0.00083822
0.00025149
0.00017107
0.00072477
0.0013049
0.0013235
0.00033453
0.00082093
0.0016942
0.0011044
0.0003404
0.0014378
0.00053813
0.00023125
0.00015918
0.00028209
0.0013644
0.00099296
0.00034469
0.0011251
0.002897
0.0018334
0.00057803
0.00073986
0.00020884
0
0
0
0.00014598
0.00044191
0.00087287
0.00033365
0.00050171
0.00088513
0.0011527
0.00041355
0.00039979
0.00014478
0.00029089
0.00032214
0.00037392
0.0010922
0.0001802
0.00035598
0.0018217
0.0015491
0.00069005
0.00017783
0.00052022
0.00042192
0.00018103
0.00075391
0.0012582
0.0011218
0.00079158
0.00067624
4.2497e-05
0.00013066
0
0.00143
0.00015894
7.7377e-05
0.0001935
0.0016869
0.00040224
0.00049968
0.0012124
0.00023225
3.2494e-05
0.0001247
0.0008478
0.00067066
0.0012513
0.0002825
1.9483e-05
7.7064e-05
0.0025274
0.00030147
0.0005501
0.00070836
0
0
0
0
0.00017037
3.5922e-05
0
0
0.00027902
0
0
0.00068945
0.00019181
0
0.00051227
0.0016334
0.00034529
0.0013828
0.00036565
0.00076684
0.00038384
0
0.00028509
0.00094357
0.0002973
0
0
0.00021134
0.00040017
0.00065079
0.00069677
0.00073162
0.00090397
0.00016607
0.00011689
0
0
0
0
0.00026373
0.0009805
0.00028785
0.00010422
0.00013312
0.00023056
0.0004204
0.00025493
0.00017829
0.00015653
0.0012247
0.00082185
0.00034674
0.0007023
0.0015351
0.00012102
9.1301e-05
0
0
1.3239e-05
0.00023361
0.00049886
0.00058392
0.00069787
0
0.0013761
0.00080691
0
0
0
0
0.00057103
0.00017226
